{
  "advancedEditorSelectedIdentifier" : "BehaviorsPluginID",
  "openSceneRelativePaths" : [
    "Immersive.usda",
    "Sandbox.usda"
  ],
  "recentIdentifiers" : {
    "1D572CEB-057A-41C3-B575-04C37501A3C0" : [

    ],
    "DBF9FD23-B810-4E9E-A18F-3C097B01C9F5" : [

    ]
  },
  "sceneCameraHistory" : {
    "1D572CEB-057A-41C3-B575-04C37501A3C0" : [
      {
        "date" : 764869497.281909,
        "title" : "Untitled",
        "transform" : [
          -0.032149673,
          -2.4412316e-08,
          -0.99948305,
          0,
          -0.35341367,
          0.9353981,
          0.011367988,
          0,
          0.9349145,
          0.35359645,
          -0.030072764,
          0,
          13.267327,
          7.3383718,
          4.048816,
          1
        ]
      },
      {
        "date" : 764851915.607474,
        "title" : "Untitled",
        "transform" : [
          -0.032149673,
          -2.4412316e-08,
          -0.99948305,
          0,
          -0.35341367,
          0.9353981,
          0.011367988,
          0,
          0.9349145,
          0.35359645,
          -0.030072764,
          0,
          2.9771662,
          1.9441417,
          -1.6555738,
          1
        ]
      },
      {
        "date" : 764850051.686149,
        "title" : "Untitled",
        "transform" : [
          -0.032149665,
          5.7873084e-10,
          -0.9994831,
          0,
          -0.35341367,
          0.93539804,
          0.011368007,
          0,
          0.9349146,
          0.35359648,
          -0.030072734,
          0,
          1.1948974,
          1.655854,
          -1.1419684,
          1
        ]
      },
      {
        "date" : 764849886.245609,
        "title" : "Untitled",
        "transform" : [
          -0.25840348,
          -1.0750073e-08,
          -0.96603715,
          0,
          -0.5921574,
          0.7901017,
          0.15839508,
          0,
          0.76326746,
          0.61297584,
          -0.204165,
          0,
          0.96537364,
          1.7675602,
          -0.9913294,
          1
        ]
      },
      {
        "date" : 764849877.856795,
        "title" : "Untitled",
        "transform" : [
          -0.25840348,
          -1.0750073e-08,
          -0.96603715,
          0,
          -0.5921574,
          0.7901017,
          0.15839508,
          0,
          0.76326746,
          0.61297584,
          -0.204165,
          0,
          3.5688972,
          3.5453677,
          -0.6450785,
          1
        ]
      },
      {
        "date" : 764849749.736343,
        "title" : "Untitled",
        "transform" : [
          -0.25840348,
          -1.0750073e-08,
          -0.96603715,
          0,
          -0.5921574,
          0.7901017,
          0.15839508,
          0,
          0.76326746,
          0.61297584,
          -0.204165,
          0,
          1.1717336,
          1.9084725,
          -0.9638848,
          1
        ]
      },
      {
        "date" : 764849726.405117,
        "title" : "Untitled",
        "transform" : [
          -0.99991715,
          -2.4580352e-10,
          0.012869209,
          0,
          0.0063720257,
          0.8688147,
          0.4950963,
          0,
          -0.011180959,
          0.4951373,
          -0.86874276,
          0,
          -0.23115855,
          1.4892612,
          -1.9419345,
          1
        ]
      },
      {
        "date" : 764849714.363766,
        "title" : "Untitled",
        "transform" : [
          0.9999225,
          4.292343e-07,
          -0.012444483,
          0,
          -0.0047238027,
          0.9251678,
          -0.3795288,
          0,
          0.011513073,
          0.37955818,
          0.92509615,
          0,
          0.0053057475,
          0.094184265,
          0.44141874,
          1
        ]
      },
      {
        "date" : 764849711.063381,
        "title" : "Untitled",
        "transform" : [
          0.9999225,
          4.292343e-07,
          -0.012444483,
          0,
          -0.0047238027,
          0.9251678,
          -0.3795288,
          0,
          0.011513073,
          0.37955818,
          0.92509615,
          0,
          0.0063883266,
          0.11340155,
          0.53148544,
          1
        ]
      },
      {
        "date" : 764849706.991113,
        "title" : "Untitled",
        "transform" : [
          0.9999225,
          4.292343e-07,
          -0.012444483,
          0,
          -0.0047238027,
          0.9251678,
          -0.3795288,
          0,
          0.011513073,
          0.37955818,
          0.92509615,
          0,
          0.0063881874,
          0.11340165,
          0.5314851,
          1
        ]
      }
    ],
    "DBF9FD23-B810-4E9E-A18F-3C097B01C9F5" : [
      {
        "date" : 764877900.620821,
        "title" : "Untitled",
        "transform" : [
          -0.12144121,
          1.2366955e-05,
          0.99259865,
          0,
          0.35009524,
          0.9357348,
          0.04282135,
          0,
          -0.9288085,
          0.35270432,
          -0.11364108,
          0,
          -1.3073344,
          1.1346439,
          -0.30334315,
          1
        ]
      },
      {
        "date" : 764875338.82727,
        "title" : "Untitled",
        "transform" : [
          -0.12144121,
          1.2366955e-05,
          0.99259865,
          0,
          0.35009524,
          0.9357348,
          0.04282135,
          0,
          -0.9288085,
          0.35270432,
          -0.11364108,
          0,
          -1.3116342,
          1.1369259,
          -0.30378425,
          1
        ]
      },
      {
        "date" : 764875325.250322,
        "title" : "Untitled",
        "transform" : [
          0.872684,
          -6.933867e-09,
          0.4882853,
          0,
          0.25164172,
          0.856975,
          -0.44974464,
          0,
          -0.41844833,
          0.5153579,
          0.7478684,
          0,
          -0.3306666,
          0.77516943,
          0.04930444,
          1
        ]
      },
      {
        "date" : 764875310.267978,
        "title" : "Untitled",
        "transform" : [
          0.51890373,
          -7.6241713e-10,
          0.85483265,
          0,
          0.059346437,
          0.99758726,
          -0.036024697,
          0,
          -0.85277015,
          0.06942462,
          0.51765174,
          0,
          -0.9995458,
          0.8364774,
          0.21462154,
          1
        ]
      },
      {
        "date" : 764875299.299764,
        "title" : "Untitled",
        "transform" : [
          0.23287271,
          1.7260035e-08,
          0.97250724,
          0,
          0.6402682,
          0.75269574,
          -0.15331608,
          0,
          -0.732002,
          0.6583686,
          0.17528227,
          0,
          -0.51409006,
          0.81195295,
          -0.09354888,
          1
        ]
      },
      {
        "date" : 764875274.590351,
        "title" : "Untitled",
        "transform" : [
          0.9967813,
          -9.985727e-10,
          -0.08016893,
          0,
          -0.009660791,
          0.99271274,
          -0.12011755,
          0,
          0.07958472,
          0.120505415,
          0.98951745,
          0,
          -0.13580006,
          0.6970097,
          0.6999488,
          1
        ]
      },
      {
        "date" : 764875268.440499,
        "title" : "Untitled",
        "transform" : [
          0.20095795,
          0.0013540784,
          -0.97959894,
          0,
          -0.71492124,
          0.6838527,
          -0.14571588,
          0,
          0.6697041,
          0.72961885,
          0.1383937,
          0,
          0.18630451,
          1.0897107,
          0.29518303,
          1
        ]
      },
      {
        "date" : 764875263.244776,
        "title" : "Untitled",
        "transform" : [
          0.9989965,
          -2.2658362e-09,
          0.04478906,
          0,
          0.0264023,
          0.80778223,
          -0.5888894,
          0,
          -0.036179803,
          0.589481,
          0.80697155,
          0,
          -0.05055268,
          1.0935407,
          0.64014953,
          1
        ]
      },
      {
        "date" : 764875258.307573,
        "title" : "Untitled",
        "transform" : [
          0.98105294,
          9.143531e-07,
          -0.19374004,
          0,
          -0.043356333,
          0.97463936,
          -0.21954145,
          0,
          0.18882644,
          0.22378163,
          0.95617276,
          0,
          0.33733407,
          1.1758986,
          0.9863025,
          1
        ]
      },
      {
        "date" : 764875253.984759,
        "title" : "Untitled",
        "transform" : [
          0.930946,
          2.9747766e-06,
          -0.36515707,
          0,
          -0.2761582,
          0.6542626,
          -0.70404345,
          0,
          0.2389065,
          0.7562675,
          0.60908395,
          0,
          0.33733407,
          1.1758986,
          0.9863025,
          1
        ]
      }
    ]
  },
  "sceneViewportBackgroundColors" : {

  },
  "selectedSceneRelativePath" : "Sandbox.usda"
}