{
  "advancedEditorSelectedIdentifier" : "BehaviorsPluginID",
  "openSceneRelativePaths" : [
    "Immersive.usda"
  ],
  "recentIdentifiers" : {
    "1D572CEB-057A-41C3-B575-04C37501A3C0" : [

    ]
  },
  "sceneCameraHistory" : {
    "1D572CEB-057A-41C3-B575-04C37501A3C0" : [
      {
        "date" : 764847151.926769,
        "title" : "Untitled",
        "transform" : [
          0.9999225,
          4.292343e-07,
          -0.012444483,
          0,
          -0.0047238027,
          0.9251678,
          -0.3795288,
          0,
          0.011513073,
          0.37955818,
          0.92509615,
          0,
          -0.37857866,
          1.7659912,
          3.5618286,
          1
        ]
      },
      {
        "date" : 764847127.909982,
        "title" : "Untitled",
        "transform" : [
          0.9999225,
          4.292482e-07,
          -0.012444483,
          0,
          -0.004723803,
          0.9251678,
          -0.3795288,
          0,
          0.011513074,
          0.3795582,
          0.9250962,
          0,
          3.9733958,
          48.790974,
          142.04152,
          1
        ]
      },
      {
        "date" : 764847119.122446,
        "title" : "Untitled",
        "transform" : [
          0.9877485,
          1.9584101e-10,
          0.15605403,
          0,
          0.03591335,
          0.9731589,
          -0.22731458,
          0,
          -0.15186538,
          0.23013406,
          0.96123624,
          0,
          -0.91796875,
          1.4533157,
          3.8840332,
          1
        ]
      },
      {
        "date" : 764847108.441584,
        "title" : "Untitled",
        "transform" : [
          0.98774856,
          1.3520811e-09,
          0.15605405,
          0,
          0.035913352,
          0.97315896,
          -0.22731459,
          0,
          -0.1518654,
          0.23013407,
          0.9612363,
          0,
          749.8036,
          66.88892,
          -567.17505,
          1
        ]
      },
      {
        "date" : 764847103.423849,
        "title" : "Untitled",
        "transform" : [
          0.9997723,
          7.666118e-11,
          0.021338686,
          0,
          -0.0010934774,
          0.9986862,
          0.051232226,
          0,
          -0.02131065,
          -0.051243894,
          0.99845874,
          0,
          752.41,
          66.6016,
          -568.11053,
          1
        ]
      },
      {
        "date" : 764847091.512486,
        "title" : "Untitled",
        "transform" : [
          0.9997723,
          7.666118e-11,
          0.021338686,
          0,
          -0.0010934774,
          0.9986862,
          0.051232226,
          0,
          -0.02131065,
          -0.051243894,
          0.99845874,
          0,
          164.0834,
          -7.9928856,
          1654.9022,
          1
        ]
      },
      {
        "date" : 764847079.493215,
        "title" : "Untitled",
        "transform" : [
          0.9997723,
          4.1875118e-11,
          0.021338686,
          0,
          -0.0010934775,
          0.99868625,
          0.05123223,
          0,
          -0.021310652,
          -0.051243894,
          0.9984588,
          0,
          504.0131,
          50.770966,
          -773.21545,
          1
        ]
      },
      {
        "date" : 764847044.075285,
        "title" : "Untitled",
        "transform" : [
          0.9997723,
          4.1875118e-11,
          0.021338686,
          0,
          -0.0010934775,
          0.99868625,
          0.05123223,
          0,
          -0.021310652,
          -0.051243894,
          0.9984588,
          0,
          1.0865585,
          2.396438,
          3.2806659,
          1
        ]
      },
      {
        "date" : 764847026.770971,
        "title" : "Untitled",
        "transform" : [
          0.99999833,
          1.9694632e-10,
          -0.0018233397,
          0,
          -0.000603333,
          0.9436678,
          -0.33089378,
          0,
          0.001720627,
          0.33089432,
          0.94366616,
          0,
          -0.40827942,
          1.6703491,
          3.6359863,
          1
        ]
      },
      {
        "date" : 764847011.238864,
        "title" : "Untitled",
        "transform" : [
          0.99999833,
          1.6019024e-10,
          -0.00182334,
          0,
          -0.00060333306,
          0.9436678,
          -0.3308938,
          0,
          0.0017206272,
          0.33089435,
          0.94366616,
          0,
          241.57494,
          593.9634,
          1594.6559,
          1
        ]
      }
    ]
  },
  "sceneViewportBackgroundColors" : {

  }
}